rs162rsbp:
  x: 0.613019
  y: 0.00964459
  z: -0.644262  
  roll: 0.0239316
  pitch: 1.45122
  yaw: 0.015581
base_link2rs16:
  x: 0.0
  y: 0.0
  z: 1.3
  roll: 0.0
  pitch: 0.0
  yaw: 0.0

zed2base_link:
  x: -0.658597
  y: 0.0401069
  z: -0.759089
  roll: 3.1363
  pitch: -3.1168
  yaw: 3.14052